# Number of x values
51
# x values
-500.0
-480.0
-460.0
-440.0
-420.0
-400.0
-380.0
-360.0
-340.0
-320.0
-300.0
-280.0
-260.0
-240.0
-220.0
-200.0
-180.0
-160.0
-140.0
-120.0
-100.0
-80.0
-60.0
-40.0
-20.0
0.0
20.0
40.0
60.0
80.0
100.0
120.0
140.0
160.0
180.0
200.0
220.0
240.0
260.0
280.0
300.0
320.0
340.0
360.0
380.0
400.0
420.0
440.0
460.0
480.0
500.0
# y values
49.69919
49.06182
48.46119
47.30292
45.84248
43.15976
39.03888
37.0
37.0
37.0
37.0
37.0
37.0
37.0
37.0
37.0
37.0
37.0
37.0
37.0
37.0
37.0
37.0
37.0
37.0
41.69711
47.40409
47.6542
48.09305
48.28453
49.32063
50.08571
50.67995
50.78284
51.41326
51.35993
51.12109
50.23661
49.25408
48.40137
47.69781
47.56397
47.45531
47.79078
48.0
48.46002
48.71363
47.91783
47.4442
46.9047
46.47968
